cam0:
  cam_overlaps: [1]
  camera_model: omni
  distortion_coeffs: [-0.10728607323824997, -0.40962687890697913, 0.0011370522765466746,
    -0.0005112201156531952]
  distortion_model: radtan
  intrinsics: [1.342036249192143, 668.4306127086929, 668.4126207494994, 422.5900990541209,
    400.4282219335556]
  resolution: [848, 800]
  rostopic: /fisheye1
cam1:
  T_cn_cnm1:
  - [0.999977987608098, -0.0037064092248418777, -0.005503347155466504, -0.06403597751564338]
  - [0.0036853368266112595, 0.9999858583808803, -0.0038342314387012615, -0.00034709782906329]
  - [0.005517480560001737, 0.0038138653501545283, 0.9999775056666814, 0.00022467872323614]
  - [0.0, 0.0, 0.0, 1.0]
  cam_overlaps: [0]
  camera_model: omni
  distortion_coeffs: [-0.12608459307580613, -0.3515685413381141, -0.0006213834722493854,
    -0.00012011955702914722]
  distortion_model: radtan
  intrinsics: [1.2885331254587764, 652.8927198304863, 652.5979241324186, 426.4895777553576,
    397.3506534516371]
  resolution: [848, 800]
  rostopic: /fisheye2
