cam0:
  T_cam_imu:
  - [-0.9998416565178707, 0.002647659684353363, 0.017596925577957237, 0.00033895691013636066]
  - [-0.002527305622881516, -0.999973288441411, 0.006858216237441539, -2.4434885935958963e-05]
  - [0.01761461375928712, 0.0068126574746427086, 0.9998216406340905, 0.00023579691315850305]
  - [0.0, 0.0, 0.0, 1.0]
  cam_overlaps: [1]
  camera_model: omni
  distortion_coeffs: [-0.10728607323824997, -0.40962687890697913, 0.0011370522765466746,
    -0.0005112201156531952]
  distortion_model: radtan
  intrinsics: [1.342036249192143, 668.4306127086929, 668.4126207494994, 422.5900990541209,
    400.4282219335556]
  resolution: [848, 800]
  rostopic: /fisheye1
  timeshift_cam_imu: 0.03300167711212407
cam1:
  T_cam_imu:
  - [-0.9999072197171412, 0.006316419204771246, 0.012068753289649275, -0.06369823517334403]
  - [-0.006279561666089758, -0.9999755109877686, 0.003089422281414155, -0.00037118729900442]
  - [0.012087971824032318, 0.0030133491634258386, 0.9999223973209124, 0.0004622473290978328]
  - [0.0, 0.0, 0.0, 1.0]
  T_cn_cnm1:
  - [0.9999779876080984, -0.0037064092248418772, -0.005503347155466504, -0.06403597751564338]
  - [0.003685336826611259, 0.9999858583808807, -0.003834231438701261, -0.00034709782906329]
  - [0.005517480560001737, 0.003813865350154528, 0.9999775056666819, 0.00022467872323614]
  - [0.0, 0.0, 0.0, 1.0]
  cam_overlaps: [0]
  camera_model: omni
  distortion_coeffs: [-0.12608459307580613, -0.3515685413381141, -0.0006213834722493854,
    -0.00012011955702914722]
  distortion_model: radtan
  intrinsics: [1.2885331254587764, 652.8927198304863, 652.5979241324186, 426.4895777553576,
    397.3506534516371]
  resolution: [848, 800]
  rostopic: /fisheye2
  timeshift_cam_imu: 0.03319125632730322
